1.0000000000e-003 -0.046954% 1.6582172897e-008 3.3148781176e-008 -1.5564616808e-011 6.0884686428e-003 -0.117007% 3.1574845403e-008 6.3075887576e-008 -7.3803229647e-011 9.4186905746e-001 7.8325776672e-001 7.8325776657e-001 5.4167152870e-001 5.4167152862e-001 5.4167152837e-001 0 1 4
1.0964781961e-003 -0.004977% 1.8195007736e-008 3.6388204330e-008 -1.8111425755e-012 6.6758731498e-003 -0.010826% 3.4106201534e-008 6.8205019439e-008 -7.3836304089e-012 9.4186905797e-001 7.8325776727e-001 7.8325776725e-001 5.4167152807e-001 5.4167152806e-001 5.4167152804e-001 1 1 4
1.2022644346e-003 -0.005373% 1.9949626267e-008 3.9897108763e-008 -2.1437708780e-012 7.3199493489e-003 -0.011657% 3.7389019028e-008 7.4769322112e-008 -8.7159431216e-012 9.4186905796e-001 7.8325776726e-001 7.8325776725e-001 5.4167152807e-001 5.4167152807e-001 5.4167152804e-001 0 1 4
1.3182567386e-003 -0.005891% 2.1873348696e-008 4.3744120310e-008 -2.5770819829e-012 8.0261648577e-003 -0.012779% 4.0987903601e-008 8.1965332814e-008 -1.0474387855e-011 9.4186905795e-001 7.8325776726e-001 7.8325776724e-001 5.4167152808e-001 5.4167152807e-001 5.4167152804e-001 0 1 4
1.4454397707e-003 -0.006459% 2.3982469596e-008 4.7961841127e-008 -3.0980655345e-012 8.8005147649e-003 -0.014009% 4.4932319568e-008 8.9852051494e-008 -1.2587641078e-011 9.4186905794e-001 7.8325776725e-001 7.8325776723e-001 5.4167152809e-001 5.4167152808e-001 5.4167152805e-001 1 1 4
1.5848931925e-003 -0.007082% 2.6294835854e-008 5.2585947523e-008 -3.7241862635e-012 9.6495725542e-003 -0.015357% 4.9255261581e-008 9.8495396830e-008 -1.5126331938e-011 9.4186905793e-001 7.8325776725e-001 7.8325776723e-001 5.4167152810e-001 5.4167152808e-001 5.4167152805e-001 0 1 4
1.7378008287e-003 -0.007765% 2.8830008503e-008 5.7655540147e-008 -4.4768583200e-012 1.0580545907e-002 -0.016835% 5.3992841663e-008 1.0796750711e-007 -1.8176220998e-011 9.4186905792e-001 7.8325776724e-001 7.8325776722e-001 5.4167152810e-001 5.4167152809e-001 5.4167152806e-001 0 1 4
1.9054607180e-003 -0.008514% 3.1609424613e-008 6.3213467445e-008 -5.3817802973e-012 1.1601337890e-002 -0.018454% 5.9184572823e-008 1.1834730549e-007 -2.1840157078e-011 9.4186905791e-001 7.8325776723e-001 7.8325776721e-001 5.4167152811e-001 5.4167152810e-001 5.4167152806e-001 1 1 4
2.0892961309e-003 -0.009334% 3.4656579687e-008 6.9306690134e-008 -6.4692402741e-012 1.2720614042e-002 -0.020229% 6.4873681320e-008 1.2972112167e-007 -2.6240968039e-011 9.4186905790e-001 7.8325776723e-001 7.8325776720e-001 5.4167152813e-001 5.4167152811e-001 5.4167152807e-001 0 1 4
2.2908676528e-003 -0.010234% 3.7997220166e-008 7.5986664037e-008 -7.7762952871e-012 1.3947875938e-002 -0.022173% 7.1107445826e-008 1.4218336496e-007 -3.1526695001e-011 9.4186905788e-001 7.8325776722e-001 7.8325776719e-001 5.4167152814e-001 5.4167152812e-001 5.4167152807e-001 0 1 4
2.5118864315e-003 -0.011220% 4.1659560568e-008 8.3309773607e-008 -9.3475296872e-012 1.5293541848e-002 -0.024304% 7.7937564353e-008 1.5583725381e-007 -3.7874894280e-011 9.4186905787e-001 7.8325776721e-001 7.8325776717e-001 5.4167152815e-001 5.4167152813e-001 5.4167152808e-001 1 1 4
2.7542287033e-003 -0.012301% 4.5674516471e-008 9.1337797057e-008 -1.1235884412e-011 1.6769035177e-002 -0.026639% 8.5420551004e-008 1.7079560439e-007 -4.5497617018e-011 9.4186905785e-001 7.8325776720e-001 7.8325776716e-001 5.4167152816e-001 5.4167152815e-001 5.4167152809e-001 0 1 4
3.0199517204e-003 -0.013487% 5.0075962668e-008 1.0013841994e-007 -1.3505393187e-011 1.8386881441e-002 -0.029196% 9.3618167954e-008 1.8718168572e-007 -5.4650192620e-011 9.4186905783e-001 7.8325776719e-001 7.8325776715e-001 5.4167152818e-001 5.4167152816e-001 5.4167152810e-001 0 1 4
3.3113112148e-003 -0.014786% 5.4901011254e-008 1.0978578966e-007 -1.6232845051e-011 2.0160814593e-002 -0.031998% 1.0259788993e-007 2.0513014172e-007 -6.5638132995e-011 9.4186905781e-001 7.8325776718e-001 7.8325776713e-001 5.4167152820e-001 5.4167152817e-001 5.4167152811e-001 1 1 4
3.6307805477e-003 -0.016211% 6.0190321367e-008 1.2036113158e-007 -1.9511157556e-011 2.2105893616e-002 -0.035068% 1.1243340667e-007 2.2478798514e-007 -7.8828200236e-011 9.4186905779e-001 7.8325776716e-001 7.8325776711e-001 5.4167152822e-001 5.4167152819e-001 5.4167152812e-001 0 1 4
3.9810717055e-003 -0.017772% 6.5988430827e-008 1.3195341116e-007 -2.3450499329e-011 2.4238630355e-002 -0.038430% 1.2320516227e-007 2.4631566577e-007 -9.4658770039e-011 9.4186905776e-001 7.8325776715e-001 7.8325776709e-001 5.4167152824e-001 5.4167152821e-001 5.4167152813e-001 1 1 4
4.3651583224e-003 -0.019483% 7.2344123929e-008 1.4466006336e-007 -2.8184497131e-011 2.6577129686e-002 -0.042112% 1.3500093900e-007 2.6988822330e-007 -1.1365469657e-010 9.4186905773e-001 7.8325776713e-001 7.8325776707e-001 5.4167152826e-001 5.4167152823e-001 5.4167152814e-001 0 1 4
4.7863009232e-003 -0.021359% 7.9310830925e-008 1.5858778875e-007 -3.3873099064e-011 2.9141243214e-002 -0.046144% 1.4791647851e-007 2.9569651096e-007 -1.3644606509e-010 9.4186905770e-001 7.8325776712e-001 7.8325776705e-001 5.4167152828e-001 5.4167152825e-001 5.4167152815e-001 1 1 4
5.2480746025e-003 -0.023415% 8.6947061063e-008 1.7385341384e-007 -4.0708282686e-011 3.1952737789e-002 -0.050559% 1.6205614847e-007 3.2394851241e-007 -1.6378452977e-010 9.4186905767e-001 7.8325776710e-001 7.8325776702e-001 5.4167152831e-001 5.4167152827e-001 5.4167152817e-001 0 1 4
5.7543993734e-003 -0.025669% 9.5316883830e-008 1.9058484678e-007 -4.8920883395e-011 3.5035480288e-002 -0.055392% 1.7753365666e-007 3.5487074219e-007 -1.9657114317e-010 9.4186905763e-001 7.8325776708e-001 7.8325776699e-001 5.4167152834e-001 5.4167152830e-001 5.4167152818e-001 0 1 4
6.3095734448e-003 -0.028139% 1.0449043926e-007 2.0892209055e-007 -5.8787978133e-011 3.8415640222e-002 -0.060683% 1.9447280351e-007 3.8870972581e-007 -2.3588120942e-010 9.4186905759e-001 7.8325776705e-001 7.8325776696e-001 5.4167152837e-001 5.4167152833e-001 5.4167152820e-001 2 1 4
6.9183097092e-003 -0.030846% 1.1454451077e-007 2.2901837929e-007 -7.0642250763e-011 4.2121911888e-002 -0.066474% 2.1300828696e-007 4.2573357356e-007 -2.8300035003e-010 9.4186905755e-001 7.8325776703e-001 7.8325776693e-001 5.4167152841e-001 5.4167152836e-001 5.4167152822e-001 2 1 4
7.5857757503e-003 -0.033812% 1.2556313297e-007 2.5104138395e-007 -8.4881989791e-011 4.6185757958e-002 -0.072810% 2.3328654214e-007 4.6623361991e-007 -3.3946437335e-010 9.4186905750e-001 7.8325776700e-001 7.8325776689e-001 5.4167152845e-001 5.4167152839e-001 5.4167152824e-001 1 1 4
8.3176377110e-003 -0.037062% 1.3763826473e-007 2.7517454303e-007 -1.0198643074e-010 5.0641676564e-002 -0.079742% 2.5546663272e-007 5.1052616122e-007 -4.0710421817e-010 9.4186905745e-001 7.8325776697e-001 7.8325776685e-001 5.4167152849e-001 5.4167152843e-001 5.4167152826e-001 2 1 4
9.1201083936e-003 -0.040625% 1.5087051559e-007 3.0161849967e-007 -1.2253150431e-010 5.5527494158e-002 -0.087325% 2.7972117238e-007 5.5895423851e-007 -4.8810625124e-010 9.4186905739e-001 7.8325776694e-001 7.8325776681e-001 5.4167152854e-001 5.4167152847e-001 5.4167152829e-001 2 1 4
1.0000000000e-002 -0.044527% 1.6536993882e-007 3.3059267360e-007 -1.4720403500e-010 6.0884686618e-002 -0.095617% 3.0623727995e-007 6.1188948990e-007 -5.8507000457e-010 9.4186905733e-001 7.8325776690e-001 7.8325776676e-001 5.4167152859e-001 5.4167152852e-001 5.4167152831e-001 2 1 4
1.0964781961e-002 -0.048803% 1.8125688180e-007 3.6233693187e-007 -1.7683173773e-010 6.6758731340e-002 -0.104682% 3.3521756226e-007 6.6973403232e-007 -7.0109219694e-010 9.4186905726e-001 7.8325776686e-001 7.8325776670e-001 5.4167152864e-001 5.4167152857e-001 5.4167152834e-001 1 1 4
1.2022644346e-002 -0.053487% 1.9866292017e-007 3.9711343473e-007 -2.1240561247e-010 7.3199493298e-002 -0.114590% 3.6688111705e-007 7.3292237513e-007 -8.3985897900e-010 9.4186905719e-001 7.8325776682e-001 7.8325776665e-001 5.4167152870e-001 5.4167152862e-001 5.4167152838e-001 2 1 4
1.3182567386e-002 -0.058619% 2.1773186597e-007 4.3520861841e-007 -2.5511353771e-010 8.0261648348e-002 -0.125416% 4.0146452093e-007 8.0192329973e-007 -1.0057421310e-009 9.4186905711e-001 7.8325776677e-001 7.8325776658e-001 5.4167152877e-001 5.4167152868e-001 5.4167152841e-001 1 1 4
1.4454397707e-002 -0.064239% 2.3862084944e-007 4.7693531983e-007 -3.0637904188e-010 8.8005147373e-002 -0.137241% 4.3922282752e-007 8.7724172089e-007 -1.2039341619e-009 9.4186905701e-001 7.8325776672e-001 7.8325776651e-001 5.4167152885e-001 5.4167152875e-001 5.4167152845e-001 4 1 4
1.5848931925e-002 -0.070395% 2.6150150350e-007 5.2263510062e-007 -3.6790638611e-010 9.6495725210e-002 -0.150152% 4.8043051317e-007 9.5942044112e-007 -1.4405852168e-009 9.4186905692e-001 7.8325776666e-001 7.8325776643e-001 5.4167152893e-001 5.4167152882e-001 5.4167152850e-001 2 1 4
1.7378008287e-002 -0.077135% 2.8656121477e-007 5.7268069089e-007 -4.4173865408e-010 1.0580545868e-001 -0.164242% 5.2538236347e-007 1.0490417573e-006 -1.7229696010e-009 9.4186905681e-001 7.8325776660e-001 7.8325776635e-001 5.4167152902e-001 5.4167152890e-001 5.4167152854e-001 1 1 4
1.9054607180e-002 -0.084516% 3.1400451045e-007 6.2747870208e-007 -5.3031881588e-010 1.1601337842e-001 -0.179614% 5.7439427943e-007 1.1467288740e-006 -2.0596848459e-009 9.4186905669e-001 7.8325776653e-001 7.8325776626e-001 5.4167152911e-001 5.4167152898e-001 5.4167152859e-001 2 1 4
2.0892961309e-002 -0.092596% 3.4405448531e-007 6.8747240017e-007 -6.3657045052e-010 1.2720613985e-001 -0.196375% 6.2780393396e-007 1.2531470017e-006 -2.4608661865e-009 9.4186905656e-001 7.8325776645e-001 7.8325776616e-001 5.4167152922e-001 5.4167152908e-001 5.4167152865e-001 2 1 4
2.2908676528e-002 -0.101440% 3.7695440306e-007 7.5314481474e-007 -7.6399138777e-010 1.3947875869e-001 -0.214641% 6.8597126498e-007 1.3690040914e-006 -2.9384385588e-009 9.4186905641e-001 7.8325776637e-001 7.8325776604e-001 5.4167152934e-001 5.4167152918e-001 5.4167152871e-001 1 1 4
2.5118864315e-002 -0.111119% 4.1296933129e-007 8.2502190282e-007 -9.1675976757e-010 1.5293541765e-001 -0.234535% 7.4927872510e-007 1.4950510366e-006 -3.5064135981e-009 9.4186905626e-001 7.8325776628e-001 7.8325776592e-001 5.4167152946e-001 5.4167152929e-001 5.4167152878e-001 2 1 4
2.7542287033e-002 -0.121710% 4.5238795491e-007 9.0367604180e-007 -1.0998680207e-009 1.6769035077e-001 -0.256188% 8.1813123745e-007 1.6320812767e-006 -4.1811982555e-009 9.4186905609e-001 7.8325776618e-001 7.8325776579e-001 5.4167152960e-001 5.4167152942e-001 5.4167152886e-001 1 1 4
3.0199517204e-002 -0.133297% 4.9552443232e-007 9.8972958929e-007 -1.3192753514e-009 1.8386881321e-001 -0.279740% 8.9295576736e-007 1.7809295683e-006 -4.9819663631e-009 9.4186905590e-001 7.8325776607e-001 7.8325776564e-001 5.4167152976e-001 5.4167152955e-001 5.4167152894e-001 2 1 4
3.3113112148e-002 -0.145968% 5.4272041290e-007 1.0838587389e-006 -1.5820869212e-009 2.0160814449e-001 -0.305336% 9.7420043683e-007 1.9424698148e-006 -5.9310588628e-009 9.4186905569e-001 7.8325776595e-001 7.8325776548e-001 5.4167152992e-001 5.4167152970e-001 5.4167152903e-001 2 1 4
3.6307805477e-002 -0.159823% 5.9434710227e-007 1.1867974308e-006 -1.8967737696e-009 2.2105893443e-001 -0.333131% 1.0623330827e-006 2.1176117493e-006 -7.0544160349e-009 9.4186905547e-001 7.8325776582e-001 7.8325776531e-001 5.4167153011e-001 5.4167152986e-001 5.4167152913e-001 2 1 4
3.9810717055e-002 -0.174967% 6.5080745306e-007 1.2993414848e-006 -2.2734213504e-009 2.4238630147e-001 -0.363284% 1.1578390864e-006 2.3072961330e-006 -8.3820397585e-009 9.4186905522e-001 7.8325776568e-001 7.8325776512e-001 5.4167153031e-001 5.4167153004e-001 5.4167152924e-001 1 1 4
4.3651583224e-002 -0.191516% 7.1253845078e-007 1.4223528753e-006 -2.7240262802e-009 2.6577129436e-001 -0.395963% 1.2612184980e-006 2.5124884721e-006 -9.9485238393e-009 9.4186905495e-001 7.8325776552e-001 7.8325776491e-001 5.4167153053e-001 5.4167153024e-001 5.4167152936e-001 2 1 4
4.7863009232e-002 -0.209591% 7.8001342011e-007 1.5567640014e-006 -3.2628388226e-009 2.9141242914e-001 -0.431339% 1.3729821145e-006 2.7341706860e-006 -1.1793542995e-008 9.4186905465e-001 7.8325776535e-001 7.8325776468e-001 5.4167153077e-001 5.4167153045e-001 5.4167152949e-001 2 1 4
5.2480746025e-002 -0.229327% 8.5374440079e-007 1.7035820289e-006 -3.9067726977e-009 3.1952737429e-001 -0.469587% 1.4936465557e-006 2.9733307348e-006 -1.3962376615e-008 9.4186905433e-001 7.8325776516e-001 7.8325776443e-001 5.4167153103e-001 5.4167153068e-001 5.4167152963e-001 1 1 4
5.7543993734e-002 -0.250866% 9.3428452363e-007 1.8638931785e-006 -4.6758687528e-009 3.5035479856e-001 -0.510885% 1.6237280943e-006 3.2309497592e-006 -1.6506429349e-008 9.4186905398e-001 7.8325776496e-001 7.8325776415e-001 5.4167153132e-001 5.4167153094e-001 5.4167152978e-001 2 1 4
6.3095734448e-002 -0.274360% 1.0222303971e-006 2.0388669672e-006 -5.5938269527e-009 3.8415639703e-001 -0.555408% 1.7637350979e-006 3.5079865511e-006 -1.9483644697e-008 9.4186905359e-001 7.8325776473e-001 7.8325776385e-001 5.4167153164e-001 5.4167153122e-001 5.4167152995e-001 2 1 4
6.9183097092e-002 -0.299972% 1.1182243274e-006 2.2297599968e-006 -6.6886580489e-009 4.2121911265e-001 -0.603332% 1.9141590797e-006 3.8053592149e-006 -2.2958944511e-008 9.4186905316e-001 7.8325776449e-001 7.8325776352e-001 5.4167153198e-001 5.4167153152e-001 5.4167153014e-001 1 1 4
7.5857757503e-002 -0.327876% 1.2229565046e-006 2.4379196602e-006 -7.9933489625e-009 4.6185757210e-001 -0.654822% 2.0754640443e-006 4.1239237086e-006 -2.7004379959e-008 9.4186905270e-001 7.8325776422e-001 7.8325776316e-001 5.4167153236e-001 5.4167153186e-001 5.4167153035e-001 2 1 4
8.3176377110e-002 -0.358255% 1.3371669092e-006 2.6647870945e-006 -9.5467238587e-009 5.0641675666e-001 -0.710037% 2.2480743399e-006 4.4644494185e-006 -3.1699261376e-008 9.4186905219e-001 7.8325776392e-001 7.8325776277e-001 5.4167153277e-001 5.4167153222e-001 5.4167153057e-001 2 1 4
9.1201083936e-002 -0.391301% 1.4616469006e-006 2.9118994977e-006 -1.1394303488e-008 5.5527493081e-001 -0.769118% 2.4323608419e-006 4.8275917976e-006 -3.7129886224e-008 9.4186905164e-001 7.8325776360e-001 7.8325776234e-001 5.4167153322e-001 5.4167153262e-001 5.4167153082e-001 1 1 4
1.0000000000e-001 -0.427218% 1.5972404142e-006 3.1808914872e-006 -1.3589341132e-008 6.0884685326e-001 -0.832186% 2.6286257322e-006 5.2138624115e-006 -4.3389052853e-008 9.4186905103e-001 7.8325776325e-001 7.8325776187e-001 5.4167153371e-001 5.4167153305e-001 5.4167153109e-001 2 1 4
1.0964781961e-001 -0.466215% 1.7448445689e-006 3.4734951852e-006 -1.6193952635e-008 6.6758729790e-001 -0.899337% 2.8370860548e-006 5.6235970367e-006 -5.0575072888e-008 9.4186905036e-001 7.8325776286e-001 7.8325776136e-001 5.4167153424e-001 5.4167153353e-001 5.4167153138e-001 2 1 4
1.2022644346e-001 -0.508509% 1.9054094977e-006 3.7915386734e-006 -1.9280322089e-008 7.3199491439e-001 -0.970630% 3.0578565670e-006 6.0569228256e-006 -5.8790308278e-008 9.4186904964e-001 7.8325776244e-001 7.8325776080e-001 5.4167153483e-001 5.4167153405e-001 5.4167153170e-001 2 1 4
1.3182567386e-001 -0.554323% 2.0799374103e-006 4.1369428127e-006 -2.2932007840e-008 8.0261646120e-001 -1.046086% 3.2909324895e-006 6.5137258213e-006 -6.8139157774e-008 9.4186904885e-001 7.8325776198e-001 7.8325776019e-001 5.4167153546e-001 5.4167153461e-001 5.4167153206e-001 1 1 4
1.4454397707e-001 -0.603878% 2.2694801548e-006 4.5117150426e-006 -2.7245266877e-008 8.8005144703e-001 -1.125673% 3.5361731161e-006 6.9936209024e-006 -7.8725329818e-008 9.4186904798e-001 7.8325776148e-001 7.8325775952e-001 5.4167153615e-001 5.4167153523e-001 5.4167153244e-001 2 1 4
1.5848931925e-001 -0.657399% 2.4751357208e-006 4.9179409339e-006 -3.2330507683e-008 9.6495722012e-001 -1.209304% 3.7932874882e-006 7.4959264598e-006 -9.0648516582e-008 9.4186904704e-001 7.8325776093e-001 7.8325775880e-001 5.4167153691e-001 5.4167153590e-001 5.4167153287e-001 1 1 4
1.7378008287e-001 -0.715102% 2.6980426931e-006 5.3577718324e-006 -3.8313553881e-008 1.0580545485e+000 -1.296819% 4.0618237097e-006 8.0196471312e-006 -1.0400028826e-007 9.4186904602e-001 7.8325776033e-001 7.8325775801e-001 5.4167153772e-001 5.4167153663e-001 5.4167153333e-001 2 1 4
1.9054607180e-001 -0.777194% 2.9393728453e-006 5.8334087660e-006 -4.5336924618e-008 1.1601337384e+000 -1.387983% 4.3411636624e-006 8.5634678293e-006 -1.1885949557e-007 9.4186904490e-001 7.8325775967e-001 7.8325775715e-001 5.4167153861e-001 5.4167153742e-001 5.4167153384e-001 1 1 4
2.0892961309e-001 -0.843866% 3.2003209559e-006 6.3470810652e-006 -5.3560846702e-008 1.2720613436e+000 -1.482474% 4.6305252480e-006 9.1257633822e-006 -1.3528711374e-007 9.4186904368e-001 7.8325775896e-001 7.8325775622e-001 5.4167153958e-001 5.4167153828e-001 5.4167153439e-001 4 1 4
2.2908676528e-001 -0.915284% 3.4820918715e-006 6.9010197925e-006 -6.3163950430e-008 1.3947875213e+000 -1.579875% 4.9289744790e-006 9.7046279493e-006 -1.5332100871e-007 9.4186904235e-001 7.8325775818e-001 7.8325775520e-001 5.4167154062e-001 5.4167153922e-001 5.4167153500e-001 2 1 4
2.5118864315e-001 -0.991586% 3.7858840691e-006 7.4974247381e-006 -7.4343399984e-008 1.5293540981e+000 -1.679665% 5.2354493907e-006 1.0297928073e-005 -1.7297070866e-007 9.4186904090e-001 7.8325775734e-001 7.8325775410e-001 5.4167154176e-001 5.4167154023e-001 5.4167153566e-001 2 1 4
2.7542287033e-001 -1.072867% 4.1128694269e-006 8.1384243894e-006 -8.7314464329e-008 1.6769034140e+000 -1.781217% 5.5487977994e-006 1.0903382713e-005 -1.9421288580e-007 9.4186903933e-001 7.8325775641e-001 7.8325775291e-001 5.4167154298e-001 5.4167154133e-001 5.4167153639e-001 1 1 4
3.0199517204e-001 -1.159175% 4.4641683554e-006 8.8260276016e-006 -1.0230910913e-007 1.8386880202e+000 -1.883792% 5.8678299848e-006 1.1518672104e-005 -2.1698786553e-007 9.4186903763e-001 7.8325775541e-001 7.8325775162e-001 5.4167154430e-001 5.4167154252e-001 5.4167153718e-001 2 1 4
3.3113112148e-001 -1.250498% 4.8408202260e-006 9.5620669785e-006 -1.1957347356e-007 2.0160813115e+000 -1.986544% 6.1913862506e-006 1.2141574723e-005 -2.4119777877e-007 9.4186903578e-001 7.8325775432e-001 7.8325775022e-001 5.4167154573e-001 5.4167154381e-001 5.4167153805e-001 1 1 4
3.6307805477e-001 -1.346755% 5.2437485275e-006 1.0348133099e-005 -1.3936395576e-007 2.2105891852e+000 -2.088521% 6.5184179155e-006 1.2770129062e-005 -2.6670676874e-007 9.4186903377e-001 7.8325775313e-001 7.8325774871e-001 5.4167154727e-001 5.4167154520e-001 5.4167153900e-001 2 1 4
3.9810717055e-001 -1.447784% 5.6737201634e-006 1.1185498492e-005 -1.6194183482e-007 2.4238628251e+000 -2.188672% 6.8480778639e-006 1.3402812073e-005 -2.9334365512e-007 9.4186903160e-001 7.8325775184e-001 7.8325774708e-001 5.4167154892e-001 5.4167154670e-001 5.4167154004e-001 1 1 4
4.3651583224e-001 -1.553337% 6.1312994379e-006 1.2075032920e-005 -1.8756595572e-007 2.6577127179e+000 -2.285870% 7.1798149837e-006 1.4038723004e-005 -3.2090696355e-007 9.4186902925e-001 7.8325775044e-001 7.8325774532e-001 5.4167155070e-001 5.4167154831e-001 5.4167154117e-001 2 1 4
4.7863009232e-001 -1.663069% 6.6167961000e-006 1.3017108653e-005 -2.1648354660e-007 2.9141240229e+000 -2.378920% 7.5134641961e-006 1.4677756339e-005 -3.4917205290e-007 9.4186902671e-001 7.8325774893e-001 7.8325774343e-001 5.4167155260e-001 5.4167155005e-001 5.4167154240e-001 3 1 4
5.2480746025e-001 -1.776535% 7.1302080162e-006 1.4011496900e-005 -2.4891913252e-007 3.1952734237e+000 -2.466589% 7.8493223476e-006 1.5320744914e-005 -3.7789978072e-007 9.4186902396e-001 7.8325774728e-001 7.8325774139e-001 5.4167155464e-001 5.4167155192e-001 5.4167154375e-001 1 1 4
5.7543993734e-001 -1.893183% 7.6711607880e-006 1.5057260157e-005 -2.8506141877e-007 3.5035476064e+000 -2.547633% 8.1881996572e-006 1.5969553757e-005 -4.0684555786e-007 9.4186902100e-001 7.8325774550e-001 7.8325773921e-001 5.4167155681e-001 5.4167155392e-001 5.4167154522e-001 2 1 4
6.3095734448e-001 -2.012357% 8.2388435544e-006 1.6152638293e-005 -3.2504881594e-007 3.8415635203e+000 -2.620826% 8.5314370292e-006 1.6627106476e-005 -4.3576758283e-007 9.4186901781e-001 7.8325774357e-001 7.8325773686e-001 5.4167155913e-001 5.4167155606e-001 5.4167154683e-001 1 1 4
6.9183097092e-001 -2.133302% 8.8319446600e-006 1.7294936156e-005 -3.6895316419e-007 4.2121905928e+000 -2.684997% 8.8808827957e-006 1.7297332645e-005 -4.6443294612e-007 9.4186901437e-001 7.8325774148e-001 7.8325773435e-001 5.4167156161e-001 5.4167155835e-001 5.4167154857e-001 2 1 4
7.5857757503e-001 -2.255164% 9.4485907819e-006 1.8480417838e-005 -4.1676372568e-007 4.6185750885e+000 -2.739061% 9.2388274515e-006 1.7985033838e-005 -4.9262106523e-007 9.4186901068e-001 7.8325773922e-001 7.8325773165e-001 5.4167156424e-001 5.4167156080e-001 5.4167155048e-001 2 1 4
8.3176377110e-001 -2.377006% 1.0086291740e-005 1.9704213200e-005 -4.6837027955e-007 5.0641668177e+000 -2.782051% 9.6079001499e-006 1.8695677087e-005 -5.2012321286e-007 9.4186900671e-001 7.8325773679e-001 7.8325772878e-001 5.4167156703e-001 5.4167156341e-001 5.4167155255e-001 1 1 4
9.1201083936e-001 -2.497816% 1.0741897162e-005 2.0960246022e-005 -5.2354830182e-007 5.5527484218e+000 -2.813150% 9.9909384771e-006 1.9435137407e-005 -5.4673954763e-007 9.4186900245e-001 7.8325773415e-001 7.8325772570e-001 5.4167157000e-001 5.4167156620e-001 5.4167155480e-001 2 1 4
1.0000000000e+000 -2.616523% 1.1411571210e-005 2.2241196499e-005 -5.8194592168e-007 6.0884674844e+000 -2.831718% 1.0390846857e-005 2.0209419961e-005 -5.7227375360e-007 9.4186899790e-001 7.8325773131e-001 7.8325772242e-001 5.4167157313e-001 5.4167156916e-001 5.4167155725e-001 1 1 4
1.0964781961e+000 -2.732013% 1.2090789747e-005 2.3538504595e-005 -6.4307489902e-007 6.6758717400e+000 -2.837310% 1.0810461830e-005 2.1024396364e-005 -5.9652729625e-007 9.4186899302e-001 7.8325772825e-001 7.8325771892e-001 5.4167157645e-001 5.4167157231e-001 5.4167155990e-001 2 1 4
1.2022644346e+000 -2.843146% 1.2774369791e-005 2.4842433054e-005 -7.0630652897e-007 7.3199476803e+000 -2.829694% 1.1252440762e-005 2.1885586496e-005 -6.1929502880e-007 9.4186898781e-001 7.8325772495e-001 7.8325771520e-001 5.4167157996e-001 5.4167157566e-001 5.4167156278e-001 3 1 4
1.3182567386e+000 -2.948775% 1.3456534997e-005 2.6142195492e-005 -7.7087450262e-007 8.0261628836e+000 -2.808857% 1.1719184846e-005 2.2798006366e-005 -6.4036332557e-007 9.4186898226e-001 7.8325772140e-001 7.8325771124e-001 5.4167158366e-001 5.4167157922e-001 5.4167156589e-001 39 1 4
1.4454397707e+000 -3.047766% 1.4131024723e-005 2.7426164110e-005 -8.3588533604e-007 8.8005124303e+000 -2.775011% 1.2212799572e-005 2.3766087586e-005 -6.5951155828e-007 9.4186897634e-001 7.8325771759e-001 7.8325770703e-001 5.4167158756e-001 5.4167158298e-001 5.4167156925e-001 1 1 4
1.5848931925e+000 -3.139017% 1.4791249852e-005 2.8682161700e-005 -9.0033800313e-007 9.6495697942e+000 -2.728589% 1.2735087631e-005 2.4793658243e-005 -6.7651701899e-007 9.4186897006e-001 7.8325771349e-001 7.8325770256e-001 5.4167159167e-001 5.4167158697e-001 5.4167157287e-001 2 1 4
1.7378008287e+000 -3.221482% 1.5430494865e-005 2.9897836322e-005 -9.6315340777e-007 1.0580542646e+001 -2.670235% 1.3287562891e-005 2.5883963260e-005 -6.9116252164e-007 9.4186896339e-001 7.8325770910e-001 7.8325769782e-001 5.4167159598e-001 5.4167159118e-001 5.4167157676e-001 1 1 4
1.9054607180e+000 -3.294191% 1.6042161847e-005 3.1061111237e-005 -1.0232124572e-006 1.1601334037e+001 -2.600790% 1.3871471901e-005 2.7039698005e-005 -7.0324579719e-007 9.4186895634e-001 7.8325770441e-001 7.8325769280e-001 5.4167160052e-001 5.4167159562e-001 5.4167158095e-001 2 1 4
2.0892961309e+000 -3.356277% 1.6620048811e-005 3.2160695498e-005 -1.0794021238e-006 1.2720609492e+001 -2.521276% 1.4487810679e-005 2.8263032227e-005 -7.1258913182e-007 9.4186894889e-001 7.8325769939e-001 7.8325768749e-001 5.4167160527e-001 5.4167160031e-001 5.4167158542e-001 2 1 4
2.2908676528e+000 -3.406996% 1.7158642109e-005 3.3186617387e-005 -1.1306668308e-006 1.3947870566e+001 -2.432868% 1.5137329940e-005 2.9555610813e-005 -7.1904906576e-007 9.4186894104e-001 7.8325769404e-001 7.8325768190e-001 5.4167161025e-001 5.4167160524e-001 5.4167159020e-001 3 1 4
2.5118864315e+000 -3.445752% 1.7653401897e-005 3.4130743062e-005 -1.1760607307e-006 1.5293535510e+001 -2.336866% 1.5820526212e-005 3.0918527745e-005 -7.2252467866e-007 9.4186893279e-001 7.8325768836e-001 7.8325767600e-001 5.4167161545e-001 5.4167161041e-001 5.4167159529e-001 1 1 4
2.7542287033e+000 -3.472113% 1.8101015641e-005 3.4987234847e-005 -1.2147964352e-006 1.6769027703e+001 -2.234663% 1.6537621616e-005 3.2352278770e-005 -7.2296446212e-007 9.4186892415e-001 7.8325768234e-001 7.8325766981e-001 5.4167162088e-001 5.4167161583e-001 5.4167160068e-001 2 1 4
3.0199517204e+000 -3.485832% 1.8499585231e-005 3.5752884788e-005 -1.2462856740e-006 1.8386872633e+001 -2.127706% 1.7288537417e-005 3.3856703570e-005 -7.2037126392e-007 9.4186891513e-001 7.8325767597e-001 7.8325766332e-001 5.4167162653e-001 5.4167162149e-001 5.4167160638e-001 1 1 4
3.3113112148e+000 -3.486852% 1.8848722459e-005 3.6427279450e-005 -1.2701654674e-006 2.0160804222e+001 -2.017460% 1.8072867017e-005 3.5430929194e-005 -7.1480484028e-007 9.4186890575e-001 7.8325766925e-001 7.8325765652e-001 5.4167163240e-001 5.4167162739e-001 5.4167161238e-001 2 1 4
3.6307805477e+000 -3.475310% 1.9149531797e-005 3.7012755525e-005 -1.2863080684e-006 2.2105881414e+001 -1.905364% 1.8889853575e-005 3.7073325355e-005 -7.0638179607e-007 9.4186889601e-001 7.8325766220e-001 7.8325764944e-001 5.4167163848e-001 5.4167163353e-001 5.4167161868e-001 2 1 4
3.9810717055e+000 -3.451531% 1.9404469055e-005 3.7514126319e-005 -1.2948117902e-006 2.4238616013e+001 -1.792795% 1.9738376317e-005 3.8781480170e-005 -6.9527246452e-007 9.4186888594e-001 7.8325765482e-001 7.8325764208e-001 5.4167164477e-001 5.4167163989e-001 5.4167162526e-001 1 1 4
4.3651583224e+000 -3.416015% 1.9617085197e-005 3.7938195901e-005 -1.2959744926e-006 2.6577112850e+001 -1.681031% 2.0616948472e-005 4.0552202010e-005 -6.8169493403e-007 9.4186887557e-001 7.8325764713e-001 7.8325763445e-001 5.4167165126e-001 5.4167164647e-001 5.4167163210e-001 2 1 4
4.7863009232e+000 -3.369414% 1.9791676994e-005 3.8293101043e-005 -1.2902529447e-006 2.9141223474e+001 -1.571217% 2.1523728506e-005 4.2381550918e-005 -6.6590609370e-007 9.4186886493e-001 7.8325763914e-001 7.8325762657e-001 5.4167165793e-001 5.4167165324e-001 5.4167163919e-001 1 1 4
5.2480746025e+000 -3.312503% 1.9932885812e-005 3.8587557684e-005 -1.2782139408e-006 3.1952714678e+001 -1.464344% 2.2456545038e-005 4.4264899662e-005 -6.4819041405e-007 9.4186885405e-001 7.8325763086e-001 7.8325761846e-001 5.4167166477e-001 5.4167166020e-001 5.4167164650e-001 2 1 4
5.7543993734e+000 -3.246149% 2.0045294442e-005 3.8830105875e-005 -1.2604830099e-006 3.5035453270e+001 -1.361229% 2.3412934955e-005 4.6197022532e-005 -6.2884737863e-007 9.4186884298e-001 7.8325762234e-001 7.8325761013e-001 5.4167167176e-001 5.4167166732e-001 5.4167165401e-001 2 1 4
6.3095734448e+000 -3.171275% 2.0133070750e-005 3.9028442113e-005 -1.2376993879e-006 3.8415608688e+001 -1.262509% 2.4390192689e-005 4.8172206752e-005 -6.0817862549e-007 9.4186883175e-001 7.8325761358e-001 7.8325760161e-001 5.4167167888e-001 5.4167167458e-001 5.4167166170e-001 2 1 4
6.9183097092e+000 -3.088832% 2.0199701606e-005 3.9188923280e-005 -1.2104799319e-006 4.2121875143e+001 -1.168642% 2.5385427523e-005 5.0184379235e-005 -5.8647581106e-007 9.4186882040e-001 7.8325760463e-001 7.8325759293e-001 5.4167168612e-001 5.4167168197e-001 5.4167166953e-001 1 1 4
7.5857757503e+000 -2.999765% 2.0247838922e-005 3.9316281708e-005 -1.1793961362e-006 4.6185715215e+001 -1.079917% 2.6395625513e-005 5.2227240335e-005 -5.6401068990e-007 9.4186880898e-001 7.8325759550e-001 7.8325758411e-001 5.4167169345e-001 5.4167168945e-001 5.4167167747e-001 2 1 4
8.3176377110e+000 -2.905002% 2.0279261700e-005 3.9413558755e-005 -1.1449646454e-006 5.0641626930e+001 -0.996471% 2.7417711608e-005 5.4294395300e-005 -5.4102791654e-007 9.4186879753e-001 7.8325758623e-001 7.8325757517e-001 5.4167170085e-001 5.4167169701e-001 5.4167168551e-001 2 1 4
9.1201083936e+000 -2.805436% 2.0294932014e-005 3.9482215888e-005 -1.1076481402e-006 5.5527436622e+001 -0.918315% 2.8448608343e-005 5.6379475485e-005 -5.1774120072e-007 9.4186878609e-001 7.8325757685e-001 7.8325756615e-001 5.4167170830e-001 5.4167170462e-001 5.4167169360e-001 1 1 4
1.0000000000e+001 -2.701924% 2.0295119243e-005 3.9522373992e-005 -1.0678644942e-006 6.0884620038e+001 -0.845357% 2.9485287978e-005 5.8476243150e-005 -4.9433280621e-007 9.4186877472e-001 7.8325756738e-001 7.8325755707e-001 5.4167171577e-001 5.4167171226e-001 5.4167170173e-001 2 1 4
1.0964781961e+001 -2.595292% 2.0279548980e-005 3.9533098497e-005 -1.0259994623e-006 6.6758654425e+001 -0.777428% 3.0524815655e-005 6.0578675693e-005 -4.7095561691e-007 9.4186876345e-001 7.8325755785e-001 7.8325754794e-001 5.4167172326e-001 5.4167171991e-001 5.4167170987e-001 2 1 4
1.2022644346e+001 -2.486340% 2.0247554907e-005 3.9512690117e-005 -9.8241969750e-007 7.3199404589e+001 -0.714311% 3.1564383020e-005 6.2681028862e-005 -4.4773717814e-007 9.4186875233e-001 7.8325754829e-001 7.8325753880e-001 5.4167173072e-001 5.4167172754e-001 5.4167171799e-001 2 1 4
1.3182567386e+001 -2.375846% 2.0198208200e-005 3.9458932822e-005 -9.3748357876e-007 8.0261546198e+001 -0.655756% 3.2601332391e-005 6.4777880151e-005 -4.2478462976e-007 9.4186874139e-001 7.8325753872e-001 7.8325752967e-001 5.4167173816e-001 5.4167173513e-001 5.4167172606e-001 3 1 4
1.4454397707e+001 -2.264579% 2.0130422825e-005 3.9369296723e-005 -8.9154892745e-007 8.8005029925e+001 -0.601503% 3.3633172433e-005 6.6864155288e-005 -4.0218957780e-007 9.4186873069e-001 7.8325752916e-001 7.8325752056e-001 5.4167174553e-001 5.4167174267e-001 5.4167173408e-001 1 1 4
1.5848931925e+001 -2.153293% 2.0043035444e-005 3.9241095132e-005 -8.4497575485e-007 9.6495590368e+001 -0.551290% 3.4657587107e-005 6.8935141970e-005 -3.8003224386e-007 9.4186872025e-001 7.8325751964e-001 7.8325751148e-001 5.4167175284e-001 5.4167175013e-001 5.4167174201e-001 2 1 4
1.7378008287e+001 -2.042727% 1.9934871121e-005 3.9071615671e-005 -7.9812657046e-007 1.0580530407e+002 -0.504863% 3.5672439557e-005 7.0986494636e-005 -3.5838447707e-007 9.4186871013e-001 7.8325751018e-001 7.8325750247e-001 5.4167176006e-001 5.4167175750e-001 5.4167174985e-001 2 1 4
1.9054607180e+001 -1.933597% 1.9804797530e-005 3.8858233415e-005 -7.5136164516e-007 1.1601320140e+002 -0.461980% 3.6675772111e-005 7.3014232839e-005 -3.3731138285e-007 9.4186870034e-001 7.8325750078e-001 7.8325749352e-001 5.4167176717e-001 5.4167176477e-001 5.4167175756e-001 1 1 4
2.0892961309e+001 -1.826581% 1.9651778820e-005 3.8598524280e-005 -7.0503335983e-007 1.2720593740e+002 -0.422413% 3.7665804208e-005 7.5014736259e-005 -3.1687215578e-007 9.4186869092e-001 7.8325749147e-001 7.8325748466e-001 5.4167177417e-001 5.4167177191e-001 5.4167176514e-001 1 1 4
2.2908676528e+001 -1.722309% 1.9474925234e-005 3.8290372078e-005 -6.5947838939e-007 1.3947852743e+002 -0.385947% 3.8640928403e-005 7.6984736862e-005 -2.9711994446e-007 9.4186868191e-001 7.8325748227e-001 7.8325747590e-001 5.4167178104e-001 5.4167177892e-001 5.4167177257e-001 3 1 4
2.5118864315e+001 -1.621344% 1.9273541612e-005 3.7932073843e-005 -6.1500938146e-007 1.5293515378e+002 -0.352378% 3.9599705190e-005 7.8921309108e-005 -2.7810127173e-007 9.4186867332e-001 7.8325747318e-001 7.8325746724e-001 5.4167178776e-001 5.4167178578e-001 5.4167177984e-001 1 1 4
2.7542287033e+001 -1.524174% 1.9047173267e-005 3.7522439394e-005 -5.7190713955e-007 1.6769005002e+002 -0.321516% 4.0540856905e-005 8.0821858569e-005 -2.5985524113e-007 9.4186866517e-001 7.8325746422e-001 7.8325745870e-001 5.4167179434e-001 5.4167179249e-001 5.4167178694e-001 1 1 4
3.0199517204e+001 -1.431196% 1.8795644282e-005 3.7060874941e-005 -5.3041362292e-007 1.8386847077e+002 -0.293179% 4.1463260774e-005 8.2684108723e-005 -2.4241282448e-007 9.4186865749e-001 7.8325745540e-001 7.8325745028e-001 5.4167180075e-001 5.4167179903e-001 5.4167179386e-001 2 1 4
3.3113112148e+001 -1.342712% 1.8519086513e-005 3.6547445939e-005 -4.9072708745e-007 2.0160775499e+002 -0.267195% 4.2365941199e-005 8.4506086082e-005 -2.2579631648e-007 9.4186865028e-001 7.8325744674e-001 7.8325744200e-001 5.4167180701e-001 5.4167180540e-001 5.4167180059e-001 3 1 4
3.6307805477e+001 -1.258929% 1.8217957772e-005 3.5982916250e-005 -4.5299929476e-007 2.2105849184e+002 -0.243399% 4.3248061758e-005 8.6286104327e-005 -2.1001918976e-007 9.4186864354e-001 7.8325743823e-001 7.8325743385e-001 5.4167181309e-001 5.4167181160e-001 5.4167180712e-001 2 1 4
3.9810717055e+001 -1.179953% 1.7893046199e-005 3.5368757581e-005 -4.1733481696e-007 2.4238579903e+002 -0.221631% 4.4108916658e-005 8.8022747246e-005 -1.9508607032e-007 9.4186863729e-001 7.8325742989e-001 7.8325742586e-001 5.4167181899e-001 5.4167181761e-001 5.4167181346e-001 2 1 4
4.3651583224e+001 -1.105804% 1.7545460634e-005 3.4707128436e-005 -3.8379283258e-007 2.6577072457e+002 -0.201743% 4.4947922105e-005 8.9714850973e-005 -1.8099323624e-007 9.4186863150e-001 7.8325742172e-001 7.8325741801e-001 5.4167182472e-001 5.4167182343e-001 5.4167181959e-001 2 1 4
4.7863009232e+001 -1.036420% 1.7176606761e-005 3.4000822244e-005 -3.5239127843e-007 2.9141178359e+002 -0.183589% 4.5764607895e-005 9.1361486459e-005 -1.6772933011e-007 9.4186862618e-001 7.8325741373e-001 7.8325741033e-001 5.4167183026e-001 5.4167182908e-001 5.4167182551e-001 1 1 4
5.2480746025e+001 -0.971672% 1.6788152842e-005 3.3253193624e-005 -3.2311206045e-007 3.1952664364e+002 -0.167032% 4.6558609127e-005 9.2961941846e-005 -1.5527640808e-007 9.4186862131e-001 7.8325740593e-001 7.8325740281e-001 5.4167183563e-001 5.4167183453e-001 5.4167183123e-001 2 1 4
5.7543993734e+001 -0.911379% 1.6381984775e-005 3.2468062423e-005 -2.9590712682e-007 3.5035397243e+002 -0.151944% 4.7329658305e-005 9.4515705700e-005 -1.4361091024e-007 9.4186861687e-001 7.8325739832e-001 7.8325739546e-001 5.4167184081e-001 5.4167183979e-001 5.4167183675e-001 2 1 4
6.3095734448e+001 -0.855321% 1.5960156683e-005 3.1649607639e-005 -2.7070572768e-007 3.8415546389e+002 -0.138202% 4.8077577820e-005 9.6022450739e-005 -1.3270490128e-007 9.4186861285e-001 7.8325739090e-001 7.8325738829e-001 5.4167184581e-001 5.4167184487e-001 5.4167184206e-001 1 1 4
6.9183097092e+001 -0.803253% 1.5524837820e-005 3.0802255528e-005 -2.4742011235e-007 4.2121805972e+002 -0.125692% 4.8802273074e-005 9.7482018894e-005 -1.2252725460e-007 9.4186860923e-001 7.8325738369e-001 7.8325738130e-001 5.4167185063e-001 5.4167184976e-001 5.4167184717e-001 5 1 4
7.5857757503e+001 -0.754920% 1.5078260851e-005 2.9930569895e-005 -2.2595180642e-007 4.6185638521e+002 -0.114308% 4.9503725813e-005 9.8894407011e-005 -1.1304461537e-007 9.4186860598e-001 7.8325737667e-001 7.8325737449e-001 5.4167185527e-001 5.4167185447e-001 5.4167185208e-001 1 1 4
8.3176377110e+001 -0.710062% 1.4622674196e-005 2.9039152334e-005 -2.0619605841e-007 5.0641542017e+002 -0.103952% 5.0181987990e-005 1.0025975359e-004 -1.0422239056e-007 9.4186860308e-001 7.8325736986e-001 7.8325736787e-001 5.4167185974e-001 5.4167185900e-001 5.4167185680e-001 2 1 4
9.1201083936e+001 -0.668428% 1.4160299594e-005 2.8132553343e-005 -1.8804584436e-007 5.5527342740e+002 -0.094533% 5.0837175962e-005 1.0157832652e-004 -9.6025402464e-008 9.4186860050e-001 7.8325736325e-001 7.8325736143e-001 5.4167186403e-001 5.4167186335e-001 5.4167186133e-001 2 1 4
1.0000000000e+002 -0.629774% 1.3693296224e-005 2.7215198099e-005 -1.7139434912e-007 6.0884516384e+002 -0.085968% 5.1469465008e-005 1.0285051148e-004 -8.8418539687e-008 9.4186859822e-001 7.8325735685e-001 7.8325735519e-001 5.4167186815e-001 5.4167186753e-001 5.4167186567e-001 1 1 4
1.0964781961e+002 -0.593873% 1.3223732386e-005 2.6291327595e-005 -1.5613717746e-007 6.6758540141e+002 -0.078180% 5.2079084061e-005 1.0407680092e-004 -8.1367199386e-008 9.4186859623e-001 7.8325735065e-001 7.8325734914e-001 5.4167187211e-001 5.4167187154e-001 5.4167186982e-001 2 1 4
1.2022644346e+002 -0.560511% 1.2753562674e-005 2.5364951932e-005 -1.4217341539e-007 7.3199278762e+002 -0.071099% 5.2666310742e-005 1.0525778393e-004 -7.4837550122e-008 9.4186859448e-001 7.8325734466e-001 7.8325734329e-001 5.4167187591e-001 5.4167187538e-001 5.4167187380e-001 2 1 4
1.3182567386e+002 -0.529491% 1.2284612553e-005 2.4439818566e-005 -1.2940653913e-007 8.0261407859e+002 -0.064662% 5.3231466594e-005 1.0639413638e-004 -6.8796809477e-008 9.4186859297e-001 7.8325733888e-001 7.8325733763e-001 5.4167187954e-001 5.4167187906e-001 5.4167187761e-001 1 1 4
1.4454397707e+002 -0.500628% 1.1818568291e-005 2.3519391926e-005 -1.1774465594e-007 8.8004878048e+002 -0.058810% 5.3774912536e-005 1.0748661167e-004 -6.3213401276e-008 9.4186859167e-001 7.8325733330e-001 7.8325733216e-001 5.4167188303e-001 5.4167188258e-001 5.4167188126e-001 2 1 4
1.5848931925e+002 -0.473756% 1.1356969662e-005 2.2606838039e-005 -1.0710128528e-007 9.6495423871e+002 -0.053491% 5.4297044502e-005 1.0853603196e-004 -5.8057041582e-008 9.4186859057e-001 7.8325732792e-001 7.8325732689e-001 5.4167188636e-001 5.4167188596e-001 5.4167188474e-001 2 1 4
1.7378008287e+002 -0.448719% 1.0901208300e-005 2.1705022091e-005 -9.7394508848e-008 1.0580512182e+003 -0.048655% 5.4798289267e-005 1.0954327975e-004 -5.3298785364e-008 9.4186858963e-001 7.8325732274e-001 7.8325732180e-001 5.4167188955e-001 5.4167188918e-001 5.4167188806e-001 2 1 4
1.9054607180e+002 -0.425374% 1.0452528004e-005 2.0816507938e-005 -8.8548071184e-008 1.1601300221e+003 -0.044260% 5.5279100588e-005 1.1050929005e-004 -4.8911122316e-008 9.4186858885e-001 7.8325731776e-001 7.8325731691e-001 5.4167189260e-001 5.4167189226e-001 5.4167189123e-001 1 1 4
2.0892961309e+002 -0.403592% 1.0012026936e-005 1.9943563301e-005 -8.0490571380e-008 1.2720572002e+003 -0.040264% 5.5739955392e-005 1.1143504279e-004 -4.4867994050e-008 9.4186858821e-001 7.8325731297e-001 7.8325731220e-001 5.4167189551e-001 5.4167189520e-001 5.4167189426e-001 2 1 4
2.2908676528e+002 -0.383251% 9.5806622581e-006 1.9088169011e-005 -7.3155504860e-008 1.3947829060e+003 -0.036631% 5.6181350245e-005 1.1232155576e-004 -4.1144727765e-008 9.4186858769e-001 7.8325730838e-001 7.8325730767e-001 5.4167189829e-001 5.4167189800e-001 5.4167189714e-001 2 1 4
2.5118864315e+002 -0.364241% 9.1592559927e-006 1.8252030582e-005 -6.6481403412e-008 1.5293489617e+003 -0.033329% 5.6603798064e-005 1.1316987802e-004 -3.7718105038e-008 9.4186858728e-001 7.8325730397e-001 7.8325730333e-001 5.4167190095e-001 5.4167190068e-001 5.4167189989e-001 2 1 4
2.7542287033e+002 -0.346461% 8.7485024410e-006 1.7436593877e-005 -6.0411004804e-008 1.6768977026e+003 -0.030326% 5.7007824907e-005 1.1398108357e-004 -3.4566246355e-008 9.4186858697e-001 7.8325729974e-001 7.8325729916e-001 5.4167190348e-001 5.4167190323e-001 5.4167190251e-001 1 1 4
3.0199517204e+002 -0.329817% 8.3489746848e-006 1.6643057697e-005 -5.4891672887e-008 1.8386816748e+003 -0.027596% 5.7393967084e-005 1.1475626555e-004 -3.1668623396e-008 9.4186858674e-001 7.8325729569e-001 7.8325729516e-001 5.4167190589e-001 5.4167190567e-001 5.4167190501e-001 2 1 4
3.3113112148e+002 -0.314224% 7.9611337774e-006 1.5872392713e-005 -4.9874842370e-008 2.0160742675e+003 -0.025114% 5.7762768433e-005 1.1549653082e-004 -2.9006049209e-008 9.4186858659e-001 7.8325729182e-001 7.8325729134e-001 5.4167190819e-001 5.4167190798e-001 5.4167190738e-001 2 1 4
3.6307805477e+002 -0.299603% 7.5853365858e-006 1.5125357123e-005 -4.5316048298e-008 2.2105813720e+003 -0.022857% 5.8114777757e-005 1.1620299492e-004 -2.6560589765e-008 9.4186858650e-001 7.8325728812e-001 7.8325728768e-001 5.4167191037e-001 5.4167191019e-001 5.4167190963e-001 1 1 4
3.9810717055e+002 -0.285882% 7.2218441091e-006 1.4402514091e-005 -4.1174127606e-008 2.4238541653e+003 -0.020804% 5.8450546482e-005 1.1687677745e-004 -2.4315512371e-008 9.4186858647e-001 7.8325728458e-001 7.8325728418e-001 5.4167191246e-001 5.4167191229e-001 5.4167191178e-001 3 1 4
4.3651583224e+002 -0.272994% 6.8708300994e-006 1.3704248466e-005 -3.7411732583e-008 2.6577031273e+003 -0.018938% 5.8770626494e-005 1.1751899776e-004 -2.2255226706e-008 9.4186858648e-001 7.8325728120e-001 7.8325728084e-001 5.4167191444e-001 5.4167191428e-001 5.4167191382e-001 2 1 4
4.7863009232e+002 -0.260878% 6.5323898644e-006 1.3030785327e-005 -3.3994402213e-008 2.9141134092e+003 -0.017240% 5.9075568149e-005 1.1813077108e-004 -2.0365216036e-008 9.4186858653e-001 7.8325727798e-001 7.8325727765e-001 5.4167191632e-001 5.4167191618e-001 5.4167191576e-001 1 1 4
5.2480746025e+002 -0.249478% 6.2065474091e-006 1.2382203961e-005 -3.0890856990e-008 3.1952616864e+003 -0.015695% 5.9365918489e-005 1.1871320496e-004 -1.8632022469e-008 9.4186858662e-001 7.8325727490e-001 7.8325727460e-001 5.4167191811e-001 5.4167191798e-001 5.4167191759e-001 8 1 4
5.7543993734e+002 -0.238742% 5.8932640149e-006 1.1758455662e-005 -2.8072367525e-008 3.5035346359e+003 -0.014290% 5.9642219646e-005 1.1926739611e-004 -1.7043183085e-008 9.4186858674e-001 7.8325727197e-001 7.8325727170e-001 5.4167191981e-001 5.4167191969e-001 5.4167191934e-001 2 1 4
6.3095734448e+002 -0.228623% 5.5924447255e-006 1.1159376542e-005 -2.5512909329e-008 3.8415491969e+003 -0.013012% 5.9905007293e-005 1.1979442748e-004 -1.5587104639e-008 9.4186858688e-001 7.8325726919e-001 7.8325726894e-001 5.4167192143e-001 5.4167192132e-001 5.4167192100e-001 2 1 4
6.9183097092e+002 -0.219078% 5.3039458497e-006 1.0584702967e-005 -2.3188732873e-008 4.2121747862e+003 -0.011848% 6.0154809425e-005 1.2029536576e-004 -1.4253095504e-008 9.4186858703e-001 7.8325726653e-001 7.8325726631e-001 5.4167192296e-001 5.4167192286e-001 5.4167192257e-001 2 1 4
7.5857757503e+002 -0.210065% 5.0275812263e-006 1.0034084394e-005 -2.1078058953e-008 4.6185576569e+003 -0.010790% 6.0392145149e-005 1.2077125907e-004 -1.3031225632e-008 9.4186858721e-001 7.8325726401e-001 7.8325726380e-001 5.4167192442e-001 5.4167192433e-001 5.4167192405e-001 2 1 4
8.3176377110e+002 -0.201547% 4.7631281817e-006 9.5070950735e-006 -1.9161289969e-008 5.0641476068e+003 -0.009827% 6.0617523691e-005 1.2122313501e-004 -1.1912370781e-008 9.4186858739e-001 7.8325726161e-001 7.8325726142e-001 5.4167192580e-001 5.4167192571e-001 5.4167192547e-001 1 1 4
9.1201083936e+002 -0.193491% 4.5103333425e-006 9.0032462205e-006 -1.7420464528e-008 5.5527272640e+003 -0.008950% 6.0831443537e-005 1.2165199897e-004 -1.0888099500e-008 9.4186858759e-001 7.8325725933e-001 7.8325725916e-001 5.4167192710e-001 5.4167192703e-001 5.4167192680e-001 2 1 4
1.0000000000e+003 -0.185865% 4.2689175025e-006 8.5219955560e-006 -1.5839449065e-008 6.0884441977e+003 -0.008152% 6.1034391649e-005 1.2205883268e-004 -9.9506190868e-009 9.4186858779e-001 7.8325725716e-001 7.8325725701e-001 5.4167192834e-001 5.4167192827e-001 5.4167192807e-001 2 1 4
